Constant_entropy_contour
2
530 2
logQ logT sdf(entropy=9.252751889803044)
-1.9050947452441238e+00 8.1999999999999993e+00
-1.9098694558235363e+00 8.1799999999999997e+00
-1.9143843464716848e+00 8.1600000000000001e+00
-1.9186316769825238e+00 8.1400000000000006e+00
-1.9226041804663379e+00 8.1199999999999992e+00
-1.9262950974701039e+00 8.0999999999999996e+00
-1.9296982061959296e+00 8.0800000000000001e+00
-1.9299999999999999e+00 8.0780270050875362e+00
-1.9327535928168693e+00 8.0600000000000005e+00
-1.9355137178255131e+00 8.0399999999999991e+00
-1.9379796716498121e+00 8.0199999999999996e+00
-1.9401471189612718e+00 8.0000000000000000e+00
-1.9420123229135733e+00 7.9800000000000004e+00
-1.9435721544534252e+00 7.9600000000000000e+00
-1.9448240973775583e+00 7.9400000000000004e+00
-1.9457662492299805e+00 7.9200000000000097e+00
-1.9463973181763388e+00 7.9000000000000101e+00
-1.9467166160334721e+00 7.8800000000000097e+00
-1.9467240476696028e+00 7.8600000000000110e+00
-1.9464200970214609e+00 7.8400000000000096e+00
-1.9458058100023401e+00 7.8200000000000101e+00
-1.9448827745945862e+00 7.8000000000000096e+00
-1.9436530984383664e+00 7.7800000000000100e+00
-1.9421193842374744e+00 7.7600000000000096e+00
-1.9402847033100432e+00 7.7400000000000100e+00
-1.9381525676123836e+00 7.7200000000000104e+00
-1.9357269005604840e+00 7.7000000000000099e+00
-1.9330120069682328e+00 7.6800000000000104e+00
-1.9300125424069741e+00 7.6600000000000099e+00
-1.9299999999999999e+00 7.6599226627724430e+00
-1.9267076709389070e+00 7.6400000000000095e+00
-1.9231293330875476e+00 7.6200000000000099e+00
-1.9192834489506947e+00 7.6000000000000103e+00
-1.9151760333672689e+00 7.5800000000000098e+00
-1.9108132717476689e+00 7.5600000000000103e+00
-1.9062014918977115e+00 7.5400000000000098e+00
-1.9013471369284227e+00 7.5200000000000102e+00
-1.8999999999999999e+00 7.5146740389154028e+00
-1.8962405582518973e+00 7.5000000000000098e+00
-1.8909009806753210e+00 7.4800000000000093e+00
-1.8853414563490274e+00 7.4600000000000204e+00
-1.8795687096569378e+00 7.4400000000000199e+00
-1.8735894394826573e+00 7.4200000000000204e+00
-1.8699999999999999e+00 7.4083480850534951e+00
-1.8674047699714782e+00 7.4000000000000199e+00
-1.8610213305375216e+00 7.3800000000000203e+00
-1.8544543402111409e+00 7.3600000000000199e+00
-1.8477101613131506e+00 7.3400000000000203e+00
-1.8407950209040613e+00 7.3200000000000198e+00
-1.8400000000000001e+00 7.3177426507871761e+00
-1.8337125703218164e+00 7.3000000000000203e+00
-1.8264738582582487e+00 7.2800000000000198e+00
-1.8190850575363471e+00 7.2600000000000202e+00
-1.8115516768836630e+00 7.2400000000000198e+00
-1.8100000000000001e+00 7.2359392918242955e+00
-1.8038839770786166e+00 7.2200000000000202e+00
-1.7960861247145139e+00 7.2000000000000197e+00
-1.7881621091373761e+00 7.1800000000000201e+00
-1.7801167379126079e+00 7.1600000000000197e+00
-1.7800000000000000e+00 7.1597127401344407e+00
-1.7719688868142669e+00 7.1400000000000210e+00
-1.7637117087582812e+00 7.1200000000000196e+00
-1.7553493597421839e+00 7.1000000000000201e+00
-1.7500000000000000e+00 7.0873408855677029e+00
-1.7468935803022594e+00 7.0800000000000196e+00
-1.7383554919416304e+00 7.0600000000000200e+00
-1.7297267070492217e+00 7.0400000000000196e+00
-1.7210109449874780e+00 7.0200000000000200e+00
-1.7200000000000000e+00 7.0176953052912969e+00
-1.7122355481105260e+00 7.0000000000000204e+00
-1.7033850751253916e+00 6.9800000000000297e+00
-1.6944597442343921e+00 6.9600000000000302e+00
-1.6899999999999999e+00 6.9500709015951800e+00
-1.6854784196716599e+00 6.9400000000000297e+00
-1.6764450446716843e+00 6.9200000000000301e+00
-1.6673471901212171e+00 6.9000000000000297e+00
-1.6599999999999999e+00 6.8839486144357078e+00
-1.6581944343936539e+00 6.8800000000000292e+00
-1.6490114211088782e+00 6.8600000000000296e+00
-1.6397727963545732e+00 6.8400000000000301e+00
-1.6304808320546560e+00 6.8200000000000296e+00
-1.6299999999999999e+00 6.8189682008626731e+00
-1.6211747405143808e+00 6.8000000000000300e+00
-1.6118227388124446e+00 6.7800000000000296e+00
-1.6024249344238666e+00 6.7600000000000300e+00
-1.6000000000000001e+00 6.7548540198920870e+00
-1.5930143737177973e+00 6.7400000000000313e+00
-1.5835737890339239e+00 6.7200000000000299e+00
-1.5740947788598316e+00 6.7000000000000304e+00
-1.5700000000000001e+00 6.6913820736851424e+00
-1.5646045030952531e+00 6.6800000000000299e+00
-1.5550995016857529e+00 6.6600000000000303e+00
-1.5455623868728889e+00 6.6400000000000299e+00
-1.5400000000000000e+00 6.6283636707150828e+00
-1.5360123587873069e+00 6.6200000000000303e+00
-1.5264565298396984e+00 6.6000000000000298e+00
-1.5168682482804914e+00 6.5800000000000303e+00
-1.5100000000000002e+00 6.5657119634010392e+00
-1.5072619431888774e+00 6.5600000000000298e+00
-1.4976602135968118e+00 6.5400000000000293e+00
-1.4880320034001808e+00 6.5200000000000404e+00
-1.4800000000000000e+00 6.5033527760296019e+00
-1.4783871961847239e+00 6.5000000000000400e+00
-1.4687588899442807e+00 6.4800000000000404e+00
-1.4591072402116125e+00 6.4600000000000399e+00
-1.4500000000000000e+00 6.4411709068193046e+00
-1.4494354390070983e+00 6.4400000000000404e+00
-1.4397881715045582e+00 6.4200000000000399e+00
-1.4301210187288294e+00 6.4000000000000403e+00
-1.4204360526102444e+00 6.3800000000000399e+00
-1.4199999999999999e+00 6.3790994116218744e+00
-1.4107831073410588e+00 6.3600000000000403e+00
-1.4011182526312567e+00 6.3400000000000398e+00
-1.3914402568990742e+00 6.3200000000000403e+00
-1.3899999999999999e+00 6.3170229381769731e+00
-1.3817928561396677e+00 6.3000000000000398e+00
-1.3721406659172528e+00 6.2800000000000402e+00
-1.3624758887094657e+00 6.2600000000000398e+00
-1.3600000000000001e+00 6.2548766029642806e+00
-1.3528360945400697e+00 6.2400000000000402e+00
-1.3431958905228432e+00 6.2200000000000397e+00
-1.3335419508324196e+00 6.2000000000000401e+00
-1.3300000000000001e+00 6.1926642852273543e+00
-1.3239070972232778e+00 6.1800000000000388e+00
-1.3142779447929596e+00 6.1600000000000401e+00
-1.3046356568225146e+00 6.1400000000000396e+00
-1.3000000000000000e+00 6.1303897134906435e+00
-1.2950065665223391e+00 6.1200000000000401e+00
-1.2853871746685102e+00 6.1000000000000396e+00
-1.2757507740679177e+00 6.0800000000000400e+00
-1.2700000000000000e+00 6.0680785805717115e+00
-1.2661172965884342e+00 6.0600000000000396e+00
-1.2564966598383691e+00 6.0400000000000489e+00
-1.2468584360743327e+00 6.0200000000000502e+00
-1.2400000000000000e+00 6.0057851992553744e+00
-1.2372192617335673e+00 6.0000000000000497e+00
-1.2276031381647781e+00 5.9800000000000493e+00
-1.2179732326058337e+00 5.9600000000000497e+00
-1.2100000000000000e+00 5.9434588848925269e+00
-1.2083391857414898e+00 5.9400000000000501e+00
-1.1987351216355562e+00 5.9200000000000497e+00
-1.1891155903657751e+00 5.9000000000000501e+00
-1.1799999999999999e+00 5.8810782861404203e+00
-1.1794825916608322e+00 5.8800000000000496e+00
-1.1698851390152247e+00 5.8600000000000501e+00
-1.1602751055779825e+00 5.8400000000000496e+00
-1.1506554568376741e+00 5.8200000000000500e+00
-1.1499999999999999e+00 5.8186363364793250e+00
-1.1410788638203540e+00 5.8000000000000496e+00
-1.1314994974973847e+00 5.7800000000000500e+00
-1.1219134366233356e+00 5.7600000000000504e+00
-1.1200000000000001e+00 5.7560060705483185e+00
-1.1123637943078324e+00 5.7400000000000500e+00
-1.1028178898705701e+00 5.7200000000000504e+00
-1.0932659038713954e+00 5.7000000000000499e+00
-1.0900000000000001e+00 5.6931580295713911e+00
-1.0837464281391460e+00 5.6800000000000503e+00
-1.0742458280685425e+00 5.6600000000000499e+00
-1.0647498168770404e+00 5.6400000000000503e+00
-1.0600000000000001e+00 5.6299796595010445e+00
-1.0552908660987126e+00 5.6200000000000498e+00
-1.0458737717811442e+00 5.6000000000000503e+00
-1.0364747334804327e+00 5.5800000000000596e+00
-1.0300000000000000e+00 5.5661868446755305e+00
-1.0271136960823710e+00 5.5600000000000609e+00
-1.0178138555034737e+00 5.5400000000000604e+00
-1.0085392584833324e+00 5.5200000000000600e+00
-1.0000000000000000e+00 5.5015260067150678e+00
-9.9929811976861238e-01 5.5000000000000613e+00
-9.9014415226336050e-01 5.4800000000000599e+00
-9.8103538355193898e-01 5.4600000000000604e+00
-9.7198418197906811e-01 5.4400000000000599e+00
-9.6999999999999997e-01 5.4355774052479999e+00
-9.6304869912043811e-01 5.4200000000000603e+00
-9.5421493981179972e-01 5.4000000000000599e+00
-9.4548831352831009e-01 5.3800000000000603e+00
-9.3999999999999995e-01 5.3672390363664491e+00
-9.3690490804001814e-01 5.3600000000000607e+00
-9.2849450455157501e-01 5.3400000000000603e+00
-9.2023951399820680e-01 5.3200000000000598e+00
-9.1216030290094363e-01 5.3000000000000602e+00
-9.1000000000000003e-01 5.2945159148991046e+00
-9.0431991255504163e-01 5.2800000000000598e+00
-8.9672691054040199e-01 5.2600000000000602e+00
-8.8940267123795336e-01 5.2400000000000597e+00
-8.8238219649721050e-01 5.2200000000000601e+00
-8.8000000000000000e-01 5.2128750552335443e+00
-8.7572661051406342e-01 5.2000000000000597e+00
-8.6945436863504744e-01 5.1800000000000601e+00
-8.6358368457378376e-01 5.1600000000000597e+00
-8.5814612529709644e-01 5.1400000000000601e+00
-8.5316600958640876e-01 5.1200000000000596e+00
-8.4999999999999998e-01 5.1059699434871755e+00
-8.4866116870434549e-01 5.1000000000000698e+00
-8.4462708447273604e-01 5.0800000000000702e+00
-8.4100607059282462e-01 5.0600000000000698e+00
-8.3772970080366971e-01 5.0400000000000702e+00
-8.3470061958219499e-01 5.0200000000000697e+00
-8.3179894174458491e-01 5.0000000000000702e+00
-8.2889551949714080e-01 4.9800000000000697e+00
-8.2587102070350782e-01 4.9600000000000701e+00
-8.2263588042626756e-01 4.9400000000000697e+00
-8.1999999999999995e-01 4.9248888813231240e+00
-8.1915031537390648e-01 4.9200000000000701e+00
-8.1543384707453603e-01 4.9000000000000696e+00
-8.1152615032080344e-01 4.8800000000000701e+00
-8.0752566458723907e-01 4.8600000000000696e+00
-8.0356550649744340e-01 4.8400000000000700e+00
-7.9980515394764873e-01 4.8200000000000696e+00
-7.9642371019585201e-01 4.8000000000000700e+00
-7.9361559915593105e-01 4.7800000000000704e+00
-7.9158854115675348e-01 4.7600000000000700e+00
-7.9056244117717489e-01 4.7400000000000704e+00
-7.9076746746220872e-01 4.7200000000000699e+00
-7.9244019148893619e-01 4.7000000000000703e+00
-7.9581717952320929e-01 4.6800000000000699e+00
-8.0112583937100690e-01 4.6600000000000703e+00
-8.0857325220116150e-01 4.6400000000000796e+00
-8.1833515654249867e-01 4.6200000000000800e+00
-8.1999999999999995e-01 4.6173050245020173e+00
-8.3061938617114484e-01 4.6000000000000796e+00
-8.4547017004115821e-01 4.5800000000000800e+00
-8.4999999999999998e-01 4.5748654525868320e+00
-8.6301862390346373e-01 4.5600000000000804e+00
-8.8000000000000000e-01 4.5432669304092439e+00
-8.8328956903014655e-01 4.5400000000000800e+00
-9.0640754121708933e-01 4.5200000000000804e+00
-9.1000000000000003e-01 4.5172671570001945e+00
-9.3249220670302890e-01 4.5000000000000799e+00
-9.3999999999999995e-01 4.4949009620229319e+00
-9.6171771964028652e-01 4.4800000000000804e+00
-9.6999999999999986e-01 4.4749635512623955e+00
-9.9433170493010015e-01 4.4600000000000799e+00
-1.0000000000000000e+00 4.4569079053692500e+00
-1.0300000000000000e+00 4.4403486813649558e+00
-1.0306254306831177e+00 4.4400000000000803e+00
-1.0600000000000001e+00 4.4254779349704219e+00
-1.0709370647677212e+00 4.4200000000000799e+00
-1.0900000000000001e+00 4.4115126557874564e+00
-1.1155321951497374e+00 4.4000000000000803e+00
-1.1200000000000001e+00 4.3982005360524870e+00
-1.1499999999999999e+00 4.3860329542696670e+00
-1.1647117116502959e+00 4.3800000000000798e+00
-1.1799999999999999e+00 4.3743732912199471e+00
-1.2100000000000000e+00 4.3632442865622307e+00
-1.2186792346355377e+00 4.3600000000000803e+00
-1.2400000000000000e+00 4.3527978100353630e+00
-1.2700000000000000e+00 4.3425991539017268e+00
-1.2776033223942906e+00 4.3400000000000798e+00
-1.3000000000000000e+00 4.3330185055916512e+00
-1.3300000000000001e+00 4.3236366234370305e+00
-1.3415840272089437e+00 4.3200000000000802e+00
-1.3600000000000001e+00 4.3146698128538459e+00
-1.3899999999999999e+00 4.3059884510621433e+00
-1.4106675102806945e+00 4.3000000000000798e+00
-1.4199999999999999e+00 4.2974748309646067e+00
-1.4500000000000000e+00 4.2893774746178233e+00
-1.4800000000000000e+00 4.2813053391043159e+00
-1.4848509538432144e+00 4.2800000000000802e+00
-1.5100000000000000e+00 4.2736111375386105e+00
-1.5400000000000000e+00 4.2660422065639887e+00
-1.5640721250207053e+00 4.2600000000000797e+00
-1.5700000000000001e+00 4.2585728628506878e+00
-1.6000000000000001e+00 4.2513917266005254e+00
-1.6299999999999999e+00 4.2442880846719069e+00
-1.6482297837381765e+00 4.2400000000000801e+00
-1.6599999999999999e+00 4.2373078889577291e+00
-1.6899999999999999e+00 4.2305094064975099e+00
-1.7200000000000000e+00 4.2238061306464338e+00
-1.7371853485817199e+00 4.2200000000000797e+00
-1.7499999999999998e+00 4.2171988000943212e+00
-1.7800000000000000e+00 4.2107171444230014e+00
-1.8100000000000001e+00 4.2043479135188297e+00
-1.8307412134971293e+00 4.2000000000000801e+00
-1.8400000000000001e+00 4.1980532625918272e+00
-1.8700000000000001e+00 4.1918213203585664e+00
-1.8999999999999999e+00 4.1857186875701853e+00
-1.9286537908624726e+00 4.1800000000000797e+00
-1.9299999999999999e+00 4.1797258405075217e+00
-1.9600000000000000e+00 4.1736749688624917e+00
-1.9900000000000000e+00 4.1677702653771922e+00
-2.0200000000000000e+00 4.1620014740166749e+00
-2.0305396757116188e+00 4.1600000000000898e+00
-2.0499999999999998e+00 4.1561711450496333e+00
-2.0800000000000001e+00 4.1503939682168260e+00
-2.1099999999999999e+00 4.1447700459929688e+00
-2.1360528324180459e+00 4.1400000000000903e+00
-2.1400000000000001e+00 4.1392366061096348e+00
-2.1699999999999999e+00 4.1335138065304404e+00
-2.2000000000000002e+00 4.1279623664715963e+00
-2.2300000000000000e+00 4.1225721967579858e+00
-2.2445908779653712e+00 4.1200000000000898e+00
-2.2599999999999998e+00 4.1170797422723622e+00
-2.2900000000000000e+00 4.1115247722863364e+00
-2.3199999999999998e+00 4.1061502896155249e+00
-2.3500000000000001e+00 4.1009461667298162e+00
-2.3555361940951522e+00 4.1000000000000902e+00
-2.3799999999999999e+00 4.0954203347613500e+00
-2.4100000000000001e+00 4.0899818706135678e+00
-2.4399999999999999e+00 4.0847345072970160e+00
-2.4679926083702100e+00 4.0800000000000898e+00
-2.4700000000000002e+00 4.0796197385731796e+00
-2.5000000000000000e+00 4.0740299693848572e+00
-2.5299999999999998e+00 4.0686549342026597e+00
-2.5600000000000001e+00 4.0634834857762989e+00
-2.5808409725930166e+00 4.0600000000000902e+00
-2.5899999999999999e+00 4.0582493095887200e+00
-2.6200000000000001e+00 4.0526520565000039e+00
-2.6499999999999999e+00 4.0472850837378056e+00
-2.6800000000000002e+00 4.0421365855528704e+00
-2.6927870170779191e+00 4.0400000000000897e+00
-2.7100000000000000e+00 4.0366380464088216e+00
-2.7400000000000002e+00 4.0309716683892285e+00
-2.7700000000000000e+00 4.0255545019988013e+00
-2.7999999999999998e+00 4.0203738115091872e+00
-2.8022077481248355e+00 4.0200000000000902e+00
-2.8300000000000005e+00 4.0143712719738911e+00
-2.8599999999999999e+00 4.0085696629259342e+00
-2.8900000000000001e+00 4.0030406029688415e+00
-2.9071013742551766e+00 4.0000000000000897e+00
-2.9199999999999999e+00 3.9971846225352823e+00
-2.9500000000000002e+00 3.9908583531027437e+00
-2.9800000000000000e+00 3.9848503145985732e+00
-3.0053855507759204e+00 3.9800000000000901e+00
-3.0099999999999993e+00 3.9788879465056946e+00
-3.0400000000000000e+00 3.9718620705662921e+00
-3.0699999999999998e+00 3.9652138602042024e+00
-3.0947321144335422e+00 3.9600000000000901e+00
-3.0999999999999996e+00 3.9585586406221105e+00
-3.1299999999999999e+00 3.9506090629414445e+00
-3.1600000000000001e+00 3.9431166291688378e+00
-3.1730048326384108e+00 3.9400000000000901e+00
-3.1900000000000004e+00 3.9345483911068180e+00
-3.2200000000000002e+00 3.9253817277145457e+00
-3.2385350109501738e+00 3.9200000000000901e+00
-3.2500000000000000e+00 3.9153792262248714e+00
-3.2799999999999998e+00 3.9038352379153625e+00
-3.2904357268810274e+00 3.9000000000000901e+00
-3.3100000000000001e+00 3.8895790434175095e+00
-3.3288663062373178e+00 3.8800000000000900e+00
-3.3399999999999999e+00 3.8712978363914532e+00
-3.3549997213129661e+00 3.8600000000000900e+00
-3.3700000000000001e+00 3.8409106034719613e+00
-3.3707357390972699e+00 3.8400000000000900e+00
-3.3782936723495762e+00 3.8200000000000900e+00
-3.3798034205026002e+00 3.8000000000000900e+00
-3.3770810565437976e+00 3.7800000000000900e+00
-3.3715304587471033e+00 3.7600000000000899e+00
-3.3700000000000001e+00 3.7558352045768166e+00
-3.3641733754105991e+00 3.7400000000000904e+00
-3.3556859497833336e+00 3.7200000000000899e+00
-3.3465207677537174e+00 3.7000000000000899e+00
-3.3399999999999999e+00 3.6862510995872695e+00
-3.3370400994333305e+00 3.6800000000000899e+00
-3.3275562617467638e+00 3.6600000000000903e+00
-3.3182771510810749e+00 3.6400000000000898e+00
-3.3100000000000001e+00 3.6213238117500133e+00
-3.3094156593174064e+00 3.6200000000000898e+00
-3.3013338595838504e+00 3.6000000000000898e+00
-3.2946761440499990e+00 3.5800000000000902e+00
-3.2907613258851218e+00 3.5600000000000902e+00
-3.2921273750386559e+00 3.5400000000000902e+00
-3.3033290836705285e+00 3.5200000000000897e+00
-3.3100000000000001e+00 3.5155352237815110e+00
-3.3316175629172449e+00 3.5000000000000906e+00
-3.3400000000000003e+00 3.4972048857214006e+00
-3.3700000000000001e+00 3.4863877045018072e+00
-3.3861254384624448e+00 3.4800000000000901e+00
-3.3999999999999999e+00 3.4772572695437263e+00
-3.4300000000000002e+00 3.4708817634131499e+00
-3.4600000000000000e+00 3.4637981564645064e+00
-3.4749409416317003e+00 3.4600000000000901e+00
-3.4900000000000002e+00 3.4579789659643381e+00
-3.5200000000000000e+00 3.4537141334304873e+00
-3.5499999999999998e+00 3.4490719933044618e+00
-3.5800000000000001e+00 3.4440093589072620e+00
-3.6020757781318848e+00 3.4400000000000901e+00
-3.6099999999999999e+00 3.4391926736051590e+00
-3.6400000000000001e+00 3.4360377194055762e+00
-3.6700000000000004e+00 3.4326709232735326e+00
-3.7000000000000002e+00 3.4290679169026097e+00
-3.7300000000000000e+00 3.4252020338046743e+00
-3.7599999999999998e+00 3.4210440701515004e+00
-3.7672542713643971e+00 3.4200000000000901e+00
-3.7900000000000000e+00 3.4180595041873363e+00
-3.8200000000000003e+00 3.4153999199159593e+00
-3.8500000000000001e+00 3.4126050758444024e+00
-3.8799999999999999e+00 3.4096587826732780e+00
-3.9100000000000001e+00 3.4065434474966509e+00
-3.9399999999999999e+00 3.4032399354977776e+00
-3.9677587466835442e+00 3.4000000000000901e+00
-3.9700000000000002e+00 3.3998327412700813e+00
-4.0000000000000000e+00 3.3975770472829123e+00
-4.0300000000000002e+00 3.3952455636498642e+00
-4.0599999999999996e+00 3.3928277808805083e+00
-4.0899999999999999e+00 3.3903123667410036e+00
-4.1200000000000001e+00 3.3876870868166096e+00
-4.1500000000000004e+00 3.3849387177815977e+00
-4.1799999999999997e+00 3.3820529526450605e+00
-4.2004959078560278e+00 3.3800000000000896e+00
-4.2100000000000000e+00 3.3793517512217659e+00
-4.2400000000000002e+00 3.3772904502800625e+00
-4.2699999999999996e+00 3.3751831078679815e+00
-4.2999999999999998e+00 3.3730219663963288e+00
-4.3300000000000001e+00 3.3707987208128967e+00
-4.3600000000000003e+00 3.3685044653577245e+00
-4.3899999999999997e+00 3.3661296356995862e+00
-4.4199999999999999e+00 3.3636639460170725e+00
-4.4500000000000002e+00 3.3610963205450606e+00
-4.4624755828845570e+00 3.3600000000000900e+00
-4.4800000000000004e+00 3.3588833988433806e+00
-4.5099999999999998e+00 3.3569605903940340e+00
-4.5400000000000000e+00 3.3550120958694829e+00
-4.5700000000000003e+00 3.3530319308399892e+00
-4.5999999999999996e+00 3.3510137378684881e+00
-4.6299999999999999e+00 3.3489507489864896e+00
-4.6600000000000001e+00 3.3468357450500652e+00
-4.6900000000000004e+00 3.3446610116911701e+00
-4.7199999999999998e+00 3.3424182915532414e+00
-4.7500000000000000e+00 3.3400987324717892e+00
-4.7512592060172230e+00 3.3400000000000900e+00
-4.7800000000000002e+00 3.3382629807696351e+00
-4.8099999999999996e+00 3.3364432816804310e+00
-4.8399999999999999e+00 3.3346119706019208e+00
-4.8700000000000001e+00 3.3327642218810536e+00
-4.9000000000000004e+00 3.3308949499501979e+00
-4.9299999999999997e+00 3.3289987815564994e+00
-4.9600000000000000e+00 3.3270700257452996e+00
-4.9900000000000002e+00 3.3251026413945435e+00
-5.0199999999999996e+00 3.3230902020789985e+00
-5.0499999999999998e+00 3.3210258580234489e+00
-5.0646231345900254e+00 3.3200000000000900e+00
-5.0800000000000001e+00 3.3191037437756790e+00
-5.1100000000000003e+00 3.3173611610988187e+00
-5.1399999999999997e+00 3.3156204161559839e+00
-5.1699999999999999e+00 3.3138775955442434e+00
-5.2000000000000002e+00 3.3121286182234289e+00
-5.2300000000000004e+00 3.3103692152760118e+00
-5.2599999999999998e+00 3.3085949080626409e+00
-5.2900000000000000e+00 3.3068009846245321e+00
-5.3200000000000003e+00 3.3049824741706391e+00
-5.3499999999999996e+00 3.3031341194730177e+00
-5.3799999999999999e+00 3.3012503469782848e+00
-5.3995668556370831e+00 3.3000000000000900e+00
-5.4100000000000001e+00 3.2994049744428344e+00
-5.4400000000000004e+00 3.2977033892908172e+00
-5.4699999999999998e+00 3.2960123924054492e+00
-5.5000000000000000e+00 3.2943285695006468e+00
-5.5300000000000002e+00 3.2926483919978593e+00
-5.5599999999999996e+00 3.2909682008330288e+00
-5.5899999999999999e+00 3.2892841889770583e+00
-5.6200000000000001e+00 3.2875923825429894e+00
-5.6500000000000004e+00 3.2858886203412467e+00
-5.6799999999999997e+00 3.2841685317314075e+00
-5.7100000000000000e+00 3.2824275126051194e+00
-5.7400000000000002e+00 3.2806606993195637e+00
-5.7510767020370253e+00 3.2800000000000900e+00
-5.7699999999999996e+00 3.2789213367032977e+00
-5.7999999999999998e+00 3.2772246594795846e+00
-5.8300000000000001e+00 3.2755431122408760e+00
-5.8599999999999994e+00 3.2738734416177184e+00
-5.8899999999999997e+00 3.2722123015077553e+00
-5.9199999999999999e+00 3.2705562380687927e+00
-5.9500000000000002e+00 3.2689016734774325e+00
-5.9800000000000004e+00 3.2672448883225820e+00
-6.0099999999999998e+00 3.2655820024902429e+00
-6.0400000000000000e+00 3.2639089543820354e+00
-6.0700000000000003e+00 3.2622214782945371e+00
-6.0999999999999996e+00 3.2605150797702582e+00
-6.1089468538212861e+00 3.2600000000000899e+00
-6.1299999999999999e+00 3.2587467634627894e+00
-6.1600000000000001e+00 3.2569757080178658e+00
-6.1900000000000004e+00 3.2552221755960917e+00
-6.2199999999999998e+00 3.2534827549556300e+00
-6.2499999999999991e+00 3.2517539423195956e+00
-6.2800000000000002e+00 3.2500321255344202e+00
-6.3099999999999996e+00 3.2483135668791623e+00
-6.3399999999999999e+00 3.2465943843774059e+00
-6.3700000000000001e+00 3.2448705314483131e+00
-6.4000000000000004e+00 3.2431377747172054e+00
-6.4299999999999997e+00 3.2413916697887450e+00
-6.4536500752610930e+00 3.2400000000000904e+00
-6.4600000000000000e+00 3.2395741762357892e+00
-6.4900000000000002e+00 3.2375609717883393e+00
-6.5199999999999996e+00 3.2355665475810853e+00
-6.5499999999999998e+00 3.2335869168911207e+00
-6.5800000000000001e+00 3.2316179851938234e+00
-6.6100000000000003e+00 3.2296555321690037e+00
-6.6399999999999997e+00 3.2276951922092341e+00
-6.6699999999999999e+00 3.2257324332703585e+00
-6.7000000000000002e+00 3.2237625338892935e+00
-6.7300000000000004e+00 3.2217805581781280e+00
-6.7566934131255723e+00 3.2200000000000899e+00
-6.7599999999999989e+00 3.2197208712498377e+00
-6.7900000000000000e+00 3.2171682354256692e+00
-6.8200000000000003e+00 3.2146319611884731e+00
-6.8499999999999996e+00 3.2121068204728491e+00
-6.8799999999999999e+00 3.2095874397765587e+00
-6.9100000000000001e+00 3.2070682785921205e+00
-6.9400000000000004e+00 3.2045436062447221e+00
-6.9699999999999998e+00 3.2020074769929101e+00
-6.9935129257867503e+00 3.2000000000000899e+00
-7.0000000000000000e+00 3.1992220425047049e+00
-7.0300000000000002e+00 3.1955851119702072e+00
-7.0599999999999996e+00 3.1919623360354081e+00
-7.0899999999999999e+00 3.1883464059293702e+00
-7.1200000000000001e+00 3.1847298299776825e+00
-7.1500000000000004e+00 3.1811049096540938e+00
-7.1589888415645619e+00 3.1800000000000899e+00
-7.1799999999999997e+00 3.1760725761116690e+00
-7.2100000000000000e+00 3.1704552229850433e+00
-7.2400000000000002e+00 3.1648589439961419e+00
-7.2660192211486070e+00 3.1600000000000898e+00
-7.2699999999999996e+00 3.1588270534894161e+00
-7.2999999999999998e+00 3.1498677955206493e+00
-7.3300000000000001e+00 3.1409938512464990e+00
-7.3333064835257895e+00 3.1400000000000898e+00
-7.3600000000000003e+00 3.1277511865048804e+00
-7.3769054962521237e+00 3.1200000000000898e+00
-7.3899999999999997e+00 3.1115769657120329e+00
-7.4078618587577267e+00 3.1000000000000902e+00
-7.4199999999999999e+00 3.0901578175154212e+00
-7.4323784389248813e+00 3.0800000000000902e+00
-7.4500000000000002e+00 3.0636777837379419e+00
-7.4539152040058507e+00 3.0600000000000902e+00
-7.4739223331752314e+00 3.0400000000000902e+00
-7.4800000000000004e+00 3.0337867763407447e+00
-7.4932803805142676e+00 3.0200000000000902e+00
-7.5099999999999998e+00 3.0026875430213456e+00
-7.5125556094983699e+00 3.0000000000000902e+00
