OPACITY
3
70 19 3
logT logR logkappa
    3.750000    -8.000000  -7.670000e-01
    3.750000    -7.500000  -9.280000e-01
    3.750000    -7.000000  -1.119000e+00
    3.750000    -6.500000  -1.327000e+00
    3.750000    -6.000000  -1.542000e+00
    3.750000    -5.500000  -1.754000e+00
    3.750000    -5.000000  -1.955000e+00
    3.750000    -4.500000  -2.126000e+00
    3.750000    -4.000000  -2.236000e+00
    3.750000    -3.500000  -2.251000e+00
    3.750000    -3.000000  -2.166000e+00
    3.750000    -2.500000  -2.007000e+00
    3.750000    -2.000000  -1.799000e+00
    3.750000    -1.500000  -1.573000e+00
    3.750000    -1.000000  -1.304000e+00
    3.750000    -0.500000  -9.910000e-01
    3.750000     0.000000  -6.450000e-01
    3.750000     0.500000  -2.610000e-01
    3.750000     1.000000   1.310000e-01
    3.800000    -8.000000  -5.610000e-01
    3.800000    -7.500000  -5.980000e-01
    3.800000    -7.000000  -6.750000e-01
    3.800000    -6.500000  -7.940000e-01
    3.800000    -6.000000  -9.440000e-01
    3.800000    -5.500000  -1.109000e+00
    3.800000    -5.000000  -1.273000e+00
    3.800000    -4.500000  -1.408000e+00
    3.800000    -4.000000  -1.493000e+00
    3.800000    -3.500000  -1.500000e+00
    3.800000    -3.000000  -1.425000e+00
    3.800000    -2.500000  -1.293000e+00
    3.800000    -2.000000  -1.107000e+00
    3.800000    -1.500000  -9.160000e-01
    3.800000    -1.000000  -6.880000e-01
    3.800000    -0.500000  -4.420000e-01
    3.800000     0.000000  -1.800000e-01
    3.800000     0.500000   1.210000e-01
    3.800000     1.000000   4.290000e-01
    3.850000    -8.000000  -5.340000e-01
    3.850000    -7.500000  -5.300000e-01
    3.850000    -7.000000  -5.250000e-01
    3.850000    -6.500000  -5.250000e-01
    3.850000    -6.000000  -5.430000e-01
    3.850000    -5.500000  -5.880000e-01
    3.850000    -5.000000  -6.490000e-01
    3.850000    -4.500000  -7.060000e-01
    3.850000    -4.000000  -7.390000e-01
    3.850000    -3.500000  -7.250000e-01
    3.850000    -3.000000  -6.630000e-01
    3.850000    -2.500000  -5.520000e-01
    3.850000    -2.000000  -4.060000e-01
    3.850000    -1.500000  -2.470000e-01
    3.850000    -1.000000  -5.100000e-02
    3.850000    -0.500000   1.610000e-01
    3.850000     0.000000   3.840000e-01
    3.850000     0.500000   6.280000e-01
    3.850000     1.000000   8.940000e-01
    3.900000    -8.000000  -5.360000e-01
    3.900000    -7.500000  -5.260000e-01
    3.900000    -7.000000  -5.080000e-01
    3.900000    -6.500000  -4.720000e-01
    3.900000    -6.000000  -4.070000e-01
    3.900000    -5.500000  -3.140000e-01
    3.900000    -5.000000  -2.120000e-01
    3.900000    -4.500000  -1.200000e-01
    3.900000    -4.000000  -4.200000e-02
    3.900000    -3.500000   2.700000e-02
    3.900000    -3.000000   1.020000e-01
    3.900000    -2.500000   1.940000e-01
    3.900000    -2.000000   3.100000e-01
    3.900000    -1.500000   4.310000e-01
    3.900000    -1.000000   5.890000e-01
    3.900000    -0.500000   7.650000e-01
    3.900000     0.000000   9.540000e-01
    3.900000     0.500000   1.158000e+00
    3.900000     1.000000   1.377000e+00
    3.950000    -8.000000  -5.370000e-01
    3.950000    -7.500000  -5.290000e-01
    3.950000    -7.000000  -5.120000e-01
    3.950000    -6.500000  -4.750000e-01
    3.950000    -6.000000  -3.960000e-01
    3.950000    -5.500000  -2.560000e-01
    3.950000    -5.000000  -4.600000e-02
    3.950000    -4.500000   2.050000e-01
    3.950000    -4.000000   4.460000e-01
    3.950000    -3.500000   6.400000e-01
    3.950000    -3.000000   7.810000e-01
    3.950000    -2.500000   8.940000e-01
    3.950000    -2.000000   9.970000e-01
    3.950000    -1.500000   1.098000e+00
    3.950000    -1.000000   1.220000e+00
    3.950000    -0.500000   1.359000e+00
    3.950000     0.000000   1.511000e+00
    3.950000     0.500000   1.684000e+00
    3.950000     1.000000   1.877000e+00
    4.000000    -8.000000  -5.180000e-01
    4.000000    -7.500000  -5.210000e-01
    4.000000    -7.000000  -5.130000e-01
    4.000000    -6.500000  -4.830000e-01
    4.000000    -6.000000  -4.110000e-01
    4.000000    -5.500000  -2.670000e-01
    4.000000    -5.000000  -3.400000e-02
    4.000000    -4.500000   2.870000e-01
    4.000000    -4.000000   6.510000e-01
    4.000000    -3.500000   9.940000e-01
    4.000000    -3.000000   1.262000e+00
    4.000000    -2.500000   1.450000e+00
    4.000000    -2.000000   1.587000e+00
    4.000000    -1.500000   1.699000e+00
    4.000000    -1.000000   1.806000e+00
    4.000000    -0.500000   1.913000e+00
    4.000000     0.000000   2.040000e+00
    4.000000     0.500000   2.184000e+00
    4.000000     1.000000   2.348000e+00
    4.050000    -8.000000  -4.900000e-01
    4.050000    -7.500000  -4.890000e-01
    4.050000    -7.000000  -4.860000e-01
    4.050000    -6.500000  -4.690000e-01
    4.050000    -6.000000  -4.130000e-01
    4.050000    -5.500000  -2.830000e-01
    4.050000    -5.000000  -5.200000e-02
    4.050000    -4.500000   2.800000e-01
    4.050000    -4.000000   6.830000e-01
    4.050000    -3.500000   1.111000e+00
    4.050000    -3.000000   1.500000e+00
    4.050000    -2.500000   1.809000e+00
    4.050000    -2.000000   2.030000e+00
    4.050000    -1.500000   2.184000e+00
    4.050000    -1.000000   2.302000e+00
    4.050000    -0.500000   2.410000e+00
    4.050000     0.000000   2.518000e+00
    4.050000     0.500000   2.639000e+00
    4.050000     1.000000   2.774000e+00
    4.100000    -8.000000  -4.790000e-01
    4.100000    -7.500000  -4.740000e-01
    4.100000    -7.000000  -4.640000e-01
    4.100000    -6.500000  -4.440000e-01
    4.100000    -6.000000  -3.950000e-01
    4.100000    -5.500000  -2.860000e-01
    4.100000    -5.000000  -8.300000e-02
    4.100000    -4.500000   2.260000e-01
    4.100000    -4.000000   6.260000e-01
    4.100000    -3.500000   1.075000e+00
    4.100000    -3.000000   1.529000e+00
    4.100000    -2.500000   1.945000e+00
    4.100000    -2.000000   2.274000e+00
    4.100000    -1.500000   2.515000e+00
    4.100000    -1.000000   2.687000e+00
    4.100000    -0.500000   2.819000e+00
    4.100000     0.000000   2.936000e+00
    4.100000     0.500000   3.050000e+00
    4.100000     1.000000   3.172000e+00
    4.150000    -8.000000  -4.690000e-01
    4.150000    -7.500000  -4.580000e-01
    4.150000    -7.000000  -4.450000e-01
    4.150000    -6.500000  -4.240000e-01
    4.150000    -6.000000  -3.760000e-01
    4.150000    -5.500000  -2.730000e-01
    4.150000    -5.000000  -8.900000e-02
    4.150000    -4.500000   1.860000e-01
    4.150000    -4.000000   5.530000e-01
    4.150000    -3.500000   9.900000e-01
    4.150000    -3.000000   1.467000e+00
    4.150000    -2.500000   1.941000e+00
    4.150000    -2.000000   2.365000e+00
    4.150000    -1.500000   2.707000e+00
    4.150000    -1.000000   2.954000e+00
    4.150000    -0.500000   3.132000e+00
    4.150000     0.000000   3.275000e+00
    4.150000     0.500000   3.400000e+00
    4.150000     1.000000   3.521000e+00
    4.200000    -8.000000  -4.740000e-01
    4.200000    -7.500000  -4.590000e-01
    4.200000    -7.000000  -4.390000e-01
    4.200000    -6.500000  -4.120000e-01
    4.200000    -6.000000  -3.650000e-01
    4.200000    -5.500000  -2.700000e-01
    4.200000    -5.000000  -9.900000e-02
    4.200000    -4.500000   1.620000e-01
    4.200000    -4.000000   5.080000e-01
    4.200000    -3.500000   9.220000e-01
    4.200000    -3.000000   1.387000e+00
    4.200000    -2.500000   1.882000e+00
    4.200000    -2.000000   2.359000e+00
    4.200000    -1.500000   2.787000e+00
    4.200000    -1.000000   3.129000e+00
    4.200000    -0.500000   3.378000e+00
    4.200000     0.000000   3.557000e+00
    4.200000     0.500000   3.708000e+00
    4.200000     1.000000   3.841000e+00
    4.250000    -8.000000  -4.750000e-01
    4.250000    -7.500000  -4.620000e-01
    4.250000    -7.000000  -4.410000e-01
    4.250000    -6.500000  -4.090000e-01
    4.250000    -6.000000  -3.570000e-01
    4.250000    -5.500000  -2.610000e-01
    4.250000    -5.000000  -1.010000e-01
    4.250000    -4.500000   1.400000e-01
    4.250000    -4.000000   4.730000e-01
    4.250000    -3.500000   8.790000e-01
    4.250000    -3.000000   1.335000e+00
    4.250000    -2.500000   1.817000e+00
    4.250000    -2.000000   2.314000e+00
    4.250000    -1.500000   2.797000e+00
    4.250000    -1.000000   3.220000e+00
    4.250000    -0.500000   3.549000e+00
    4.250000     0.000000   3.790000e+00
    4.250000     0.500000   3.982000e+00
    4.250000     1.000000   4.141000e+00
    4.300000    -8.000000  -4.660000e-01
    4.300000    -7.500000  -4.550000e-01
    4.300000    -7.000000  -4.360000e-01
    4.300000    -6.500000  -4.060000e-01
    4.300000    -6.000000  -3.570000e-01
    4.300000    -5.500000  -2.660000e-01
    4.300000    -5.000000  -1.080000e-01
    4.300000    -4.500000   1.260000e-01
    4.300000    -4.000000   4.460000e-01
    4.300000    -3.500000   8.500000e-01
    4.300000    -3.000000   1.313000e+00
    4.300000    -2.500000   1.798000e+00
    4.300000    -2.000000   2.293000e+00
    4.300000    -1.500000   2.797000e+00
    4.300000    -1.000000   3.269000e+00
    4.300000    -0.500000   3.671000e+00
    4.300000     0.000000   3.979000e+00
    4.300000     0.500000   4.221000e+00
    4.300000     1.000000   4.409000e+00
    4.350000    -8.000000  -4.540000e-01
    4.350000    -7.500000  -4.430000e-01
    4.350000    -7.000000  -4.240000e-01
    4.350000    -6.500000  -3.920000e-01
    4.350000    -6.000000  -3.430000e-01
    4.350000    -5.500000  -2.590000e-01
    4.350000    -5.000000  -1.140000e-01
    4.350000    -4.500000   1.150000e-01
    4.350000    -4.000000   4.390000e-01
    4.350000    -3.500000   8.510000e-01
    4.350000    -3.000000   1.316000e+00
    4.350000    -2.500000   1.808000e+00
    4.350000    -2.000000   2.313000e+00
    4.350000    -1.500000   2.816000e+00
    4.350000    -1.000000   3.313000e+00
    4.350000    -0.500000   3.767000e+00
    4.350000     0.000000   4.136000e+00
    4.350000     0.500000   4.431000e+00
    4.350000     1.000000   4.652000e+00
    4.400000    -8.000000  -4.310000e-01
    4.400000    -7.500000  -4.230000e-01
    4.400000    -7.000000  -4.060000e-01
    4.400000    -6.500000  -3.720000e-01
    4.400000    -6.000000  -3.190000e-01
    4.400000    -5.500000  -2.360000e-01
    4.400000    -5.000000  -1.030000e-01
    4.400000    -4.500000   1.120000e-01
    4.400000    -4.000000   4.330000e-01
    4.400000    -3.500000   8.480000e-01
    4.400000    -3.000000   1.318000e+00
    4.400000    -2.500000   1.824000e+00
    4.400000    -2.000000   2.347000e+00
    4.400000    -1.500000   2.864000e+00
    4.400000    -1.000000   3.379000e+00
    4.400000    -0.500000   3.859000e+00
    4.400000     0.000000   4.272000e+00
    4.400000     0.500000   4.611000e+00
    4.400000     1.000000   4.861000e+00
    4.450000    -8.000000  -4.210000e-01
    4.450000    -7.500000  -4.060000e-01
    4.450000    -7.000000  -3.840000e-01
    4.450000    -6.500000  -3.460000e-01
    4.450000    -6.000000  -2.830000e-01
    4.450000    -5.500000  -1.900000e-01
    4.450000    -5.000000  -5.100000e-02
    4.450000    -4.500000   1.630000e-01
    4.450000    -4.000000   4.750000e-01
    4.450000    -3.500000   8.880000e-01
    4.450000    -3.000000   1.363000e+00
    4.450000    -2.500000   1.872000e+00
    4.450000    -2.000000   2.400000e+00
    4.450000    -1.500000   2.929000e+00
    4.450000    -1.000000   3.460000e+00
    4.450000    -0.500000   3.959000e+00
    4.450000     0.000000   4.400000e+00
    4.450000     0.500000   4.760000e+00
    4.450000     1.000000   5.047000e+00
    4.500000    -8.000000  -4.150000e-01
    4.500000    -7.500000  -4.020000e-01
    4.500000    -7.000000  -3.800000e-01
    4.500000    -6.500000  -3.360000e-01
    4.500000    -6.000000  -2.590000e-01
    4.500000    -5.500000  -1.450000e-01
    4.500000    -5.000000   9.000000e-03
    4.500000    -4.500000   2.220000e-01
    4.500000    -4.000000   5.260000e-01
    4.500000    -3.500000   9.300000e-01
    4.500000    -3.000000   1.405000e+00
    4.500000    -2.500000   1.921000e+00
    4.500000    -2.000000   2.456000e+00
    4.500000    -1.500000   3.003000e+00
    4.500000    -1.000000   3.545000e+00
    4.500000    -0.500000   4.058000e+00
    4.500000     0.000000   4.519000e+00
    4.500000     0.500000   4.899000e+00
    4.500000     1.000000   5.201000e+00
    4.550000    -8.000000  -4.100000e-01
    4.550000    -7.500000  -3.950000e-01
    4.550000    -7.000000  -3.730000e-01
    4.550000    -6.500000  -3.330000e-01
    4.550000    -6.000000  -2.540000e-01
    4.550000    -5.500000  -1.210000e-01
    4.550000    -5.000000   6.800000e-02
    4.550000    -4.500000   3.150000e-01
    4.550000    -4.000000   6.330000e-01
    4.550000    -3.500000   1.028000e+00
    4.550000    -3.000000   1.491000e+00
    4.550000    -2.500000   2.001000e+00
    4.550000    -2.000000   2.530000e+00
    4.550000    -1.500000   3.077000e+00
    4.550000    -1.000000   3.625000e+00
    4.550000    -0.500000   4.147000e+00
    4.550000     0.000000   4.615000e+00
    4.550000     0.500000   5.005000e+00
    4.550000     1.000000   5.312000e+00
    4.600000    -8.000000  -4.130000e-01
    4.600000    -7.500000  -3.980000e-01
    4.600000    -7.000000  -3.730000e-01
    4.600000    -6.500000  -3.320000e-01
    4.600000    -6.000000  -2.560000e-01
    4.600000    -5.500000  -1.200000e-01
    4.600000    -5.000000   9.100000e-02
    4.600000    -4.500000   3.840000e-01
    4.600000    -4.000000   7.380000e-01
    4.600000    -3.500000   1.142000e+00
    4.600000    -3.000000   1.595000e+00
    4.600000    -2.500000   2.086000e+00
    4.600000    -2.000000   2.601000e+00
    4.600000    -1.500000   3.139000e+00
    4.600000    -1.000000   3.686000e+00
    4.600000    -0.500000   4.209000e+00
    4.600000     0.000000   4.676000e+00
    4.600000     0.500000   5.064000e+00
    4.600000     1.000000   5.365000e+00
    4.650000    -8.000000  -4.100000e-01
    4.650000    -7.500000  -3.960000e-01
    4.650000    -7.000000  -3.760000e-01
    4.650000    -6.500000  -3.380000e-01
    4.650000    -6.000000  -2.630000e-01
    4.650000    -5.500000  -1.280000e-01
    4.650000    -5.000000   8.700000e-02
    4.650000    -4.500000   3.970000e-01
    4.650000    -4.000000   7.940000e-01
    4.650000    -3.500000   1.236000e+00
    4.650000    -3.000000   1.697000e+00
    4.650000    -2.500000   2.177000e+00
    4.650000    -2.000000   2.673000e+00
    4.650000    -1.500000   3.190000e+00
    4.650000    -1.000000   3.719000e+00
    4.650000    -0.500000   4.228000e+00
    4.650000     0.000000   4.684000e+00
    4.650000     0.500000   5.063000e+00
    4.650000     1.000000   5.352000e+00
    4.700000    -8.000000  -4.080000e-01
    4.700000    -7.500000  -3.930000e-01
    4.700000    -7.000000  -3.720000e-01
    4.700000    -6.500000  -3.380000e-01
    4.700000    -6.000000  -2.730000e-01
    4.700000    -5.500000  -1.470000e-01
    4.700000    -5.000000   6.400000e-02
    4.700000    -4.500000   3.720000e-01
    4.700000    -4.000000   7.680000e-01
    4.700000    -3.500000   1.231000e+00
    4.700000    -3.000000   1.723000e+00
    4.700000    -2.500000   2.218000e+00
    4.700000    -2.000000   2.709000e+00
    4.700000    -1.500000   3.208000e+00
    4.700000    -1.000000   3.713000e+00
    4.700000    -0.500000   4.200000e+00
    4.700000     0.000000   4.638000e+00
    4.700000     0.500000   5.007000e+00
    4.700000     1.000000   5.288000e+00
    4.750000    -8.000000  -4.090000e-01
    4.750000    -7.500000  -3.910000e-01
    4.750000    -7.000000  -3.680000e-01
    4.750000    -6.500000  -3.380000e-01
    4.750000    -6.000000  -2.780000e-01
    4.750000    -5.500000  -1.660000e-01
    4.750000    -5.000000   3.000000e-02
    4.750000    -4.500000   3.270000e-01
    4.750000    -4.000000   7.150000e-01
    4.750000    -3.500000   1.171000e+00
    4.750000    -3.000000   1.668000e+00
    4.750000    -2.500000   2.183000e+00
    4.750000    -2.000000   2.690000e+00
    4.750000    -1.500000   3.186000e+00
    4.750000    -1.000000   3.673000e+00
    4.750000    -0.500000   4.137000e+00
    4.750000     0.000000   4.560000e+00
    4.750000     0.500000   4.920000e+00
    4.750000     1.000000   5.199000e+00
    4.800000    -8.000000  -4.080000e-01
    4.800000    -7.500000  -3.910000e-01
    4.800000    -7.000000  -3.690000e-01
    4.800000    -6.500000  -3.370000e-01
    4.800000    -6.000000  -2.800000e-01
    4.800000    -5.500000  -1.740000e-01
    4.800000    -5.000000   9.000000e-03
    4.800000    -4.500000   2.900000e-01
    4.800000    -4.000000   6.600000e-01
    4.800000    -3.500000   1.099000e+00
    4.800000    -3.000000   1.583000e+00
    4.800000    -2.500000   2.097000e+00
    4.800000    -2.000000   2.621000e+00
    4.800000    -1.500000   3.130000e+00
    4.800000    -1.000000   3.612000e+00
    4.800000    -0.500000   4.065000e+00
    4.800000     0.000000   4.476000e+00
    4.800000     0.500000   4.829000e+00
    4.800000     1.000000   5.103000e+00
    4.850000    -8.000000  -4.090000e-01
    4.850000    -7.500000  -3.940000e-01
    4.850000    -7.000000  -3.710000e-01
    4.850000    -6.500000  -3.380000e-01
    4.850000    -6.000000  -2.830000e-01
    4.850000    -5.500000  -1.840000e-01
    4.850000    -5.000000  -9.000000e-03
    4.850000    -4.500000   2.580000e-01
    4.850000    -4.000000   6.100000e-01
    4.850000    -3.500000   1.032000e+00
    4.850000    -3.000000   1.506000e+00
    4.850000    -2.500000   2.012000e+00
    4.850000    -2.000000   2.537000e+00
    4.850000    -1.500000   3.056000e+00
    4.850000    -1.000000   3.547000e+00
    4.850000    -0.500000   3.999000e+00
    4.850000     0.000000   4.406000e+00
    4.850000     0.500000   4.751000e+00
    4.850000     1.000000   5.017000e+00
    4.900000    -8.000000  -4.000000e-01
    4.900000    -7.500000  -3.860000e-01
    4.900000    -7.000000  -3.660000e-01
    4.900000    -6.500000  -3.330000e-01
    4.900000    -6.000000  -2.770000e-01
    4.900000    -5.500000  -1.810000e-01
    4.900000    -5.000000  -1.700000e-02
    4.900000    -4.500000   2.380000e-01
    4.900000    -4.000000   5.790000e-01
    4.900000    -3.500000   9.870000e-01
    4.900000    -3.000000   1.449000e+00
    4.900000    -2.500000   1.952000e+00
    4.900000    -2.000000   2.475000e+00
    4.900000    -1.500000   2.996000e+00
    4.900000    -1.000000   3.494000e+00
    4.900000    -0.500000   3.951000e+00
    4.900000     0.000000   4.356000e+00
    4.900000     0.500000   4.691000e+00
    4.900000     1.000000   4.942000e+00
    4.950000    -8.000000  -3.800000e-01
    4.950000    -7.500000  -3.660000e-01
    4.950000    -7.000000  -3.460000e-01
    4.950000    -6.500000  -3.170000e-01
    4.950000    -6.000000  -2.650000e-01
    4.950000    -5.500000  -1.720000e-01
    4.950000    -5.000000  -1.300000e-02
    4.950000    -4.500000   2.320000e-01
    4.950000    -4.000000   5.660000e-01
    4.950000    -3.500000   9.690000e-01
    4.950000    -3.000000   1.423000e+00
    4.950000    -2.500000   1.917000e+00
    4.950000    -2.000000   2.435000e+00
    4.950000    -1.500000   2.955000e+00
    4.950000    -1.000000   3.456000e+00
    4.950000    -0.500000   3.918000e+00
    4.950000     0.000000   4.321000e+00
    4.950000     0.500000   4.640000e+00
    4.950000     1.000000   4.871000e+00
    5.000000    -8.000000  -3.390000e-01
    5.000000    -7.500000  -3.310000e-01
    5.000000    -7.000000  -3.150000e-01
    5.000000    -6.500000  -2.880000e-01
    5.000000    -6.000000  -2.390000e-01
    5.000000    -5.500000  -1.530000e-01
    5.000000    -5.000000  -3.000000e-03
    5.000000    -4.500000   2.340000e-01
    5.000000    -4.000000   5.650000e-01
    5.000000    -3.500000   9.670000e-01
    5.000000    -3.000000   1.416000e+00
    5.000000    -2.500000   1.904000e+00
    5.000000    -2.000000   2.418000e+00
    5.000000    -1.500000   2.933000e+00
    5.000000    -1.000000   3.436000e+00
    5.000000    -0.500000   3.897000e+00
    5.000000     0.000000   4.291000e+00
    5.000000     0.500000   4.588000e+00
    5.000000     1.000000   4.795000e+00
    5.050000    -8.000000  -2.690000e-01
    5.050000    -7.500000  -2.580000e-01
    5.050000    -7.000000  -2.450000e-01
    5.050000    -6.500000  -2.230000e-01
    5.050000    -6.000000  -1.810000e-01
    5.050000    -5.500000  -1.010000e-01
    5.050000    -5.000000   4.100000e-02
    5.050000    -4.500000   2.680000e-01
    5.050000    -4.000000   5.910000e-01
    5.050000    -3.500000   9.870000e-01
    5.050000    -3.000000   1.430000e+00
    5.050000    -2.500000   1.917000e+00
    5.050000    -2.000000   2.423000e+00
    5.050000    -1.500000   2.924000e+00
    5.050000    -1.000000   3.420000e+00
    5.050000    -0.500000   3.871000e+00
    5.050000     0.000000   4.246000e+00
    5.050000     0.500000   4.517000e+00
    5.050000     1.000000   4.702000e+00
    5.100000    -8.000000  -1.980000e-01
    5.100000    -7.500000  -1.800000e-01
    5.100000    -7.000000  -1.600000e-01
    5.100000    -6.500000  -1.320000e-01
    5.100000    -6.000000  -9.100000e-02
    5.100000    -5.500000  -1.900000e-02
    5.100000    -5.000000   1.100000e-01
    5.100000    -4.500000   3.140000e-01
    5.100000    -4.000000   6.080000e-01
    5.100000    -3.500000   9.910000e-01
    5.100000    -3.000000   1.438000e+00
    5.100000    -2.500000   1.919000e+00
    5.100000    -2.000000   2.417000e+00
    5.100000    -1.500000   2.920000e+00
    5.100000    -1.000000   3.398000e+00
    5.100000    -0.500000   3.825000e+00
    5.100000     0.000000   4.172000e+00
    5.100000     0.500000   4.418000e+00
    5.100000     1.000000   4.588000e+00
    5.150000    -8.000000  -1.570000e-01
    5.150000    -7.500000  -1.200000e-01
    5.150000    -7.000000  -8.300000e-02
    5.150000    -6.500000  -4.000000e-02
    5.150000    -6.000000   1.500000e-02
    5.150000    -5.500000   9.700000e-02
    5.150000    -5.000000   2.210000e-01
    5.150000    -4.500000   4.080000e-01
    5.150000    -4.000000   6.800000e-01
    5.150000    -3.500000   1.040000e+00
    5.150000    -3.000000   1.468000e+00
    5.150000    -2.500000   1.937000e+00
    5.150000    -2.000000   2.421000e+00
    5.150000    -1.500000   2.907000e+00
    5.150000    -1.000000   3.355000e+00
    5.150000    -0.500000   3.745000e+00
    5.150000     0.000000   4.061000e+00
    5.150000     0.500000   4.290000e+00
    5.150000     1.000000   4.455000e+00
    5.200000    -8.000000  -1.630000e-01
    5.200000    -7.500000  -1.130000e-01
    5.200000    -7.000000  -5.800000e-02
    5.200000    -6.500000   6.000000e-03
    5.200000    -6.000000   8.500000e-02
    5.200000    -5.500000   1.880000e-01
    5.200000    -5.000000   3.300000e-01
    5.200000    -4.500000   5.220000e-01
    5.200000    -4.000000   7.760000e-01
    5.200000    -3.500000   1.107000e+00
    5.200000    -3.000000   1.511000e+00
    5.200000    -2.500000   1.962000e+00
    5.200000    -2.000000   2.424000e+00
    5.200000    -1.500000   2.880000e+00
    5.200000    -1.000000   3.288000e+00
    5.200000    -0.500000   3.634000e+00
    5.200000     0.000000   3.921000e+00
    5.200000     0.500000   4.142000e+00
    5.200000     1.000000   4.312000e+00
    5.250000    -8.000000  -2.150000e-01
    5.250000    -7.500000  -1.570000e-01
    5.250000    -7.000000  -8.900000e-02
    5.250000    -6.500000  -8.000000e-03
    5.250000    -6.000000   9.100000e-02
    5.250000    -5.500000   2.190000e-01
    5.250000    -5.000000   3.840000e-01
    5.250000    -4.500000   5.910000e-01
    5.250000    -4.000000   8.410000e-01
    5.250000    -3.500000   1.150000e+00
    5.250000    -3.000000   1.532000e+00
    5.250000    -2.500000   1.963000e+00
    5.250000    -2.000000   2.406000e+00
    5.250000    -1.500000   2.830000e+00
    5.250000    -1.000000   3.196000e+00
    5.250000    -0.500000   3.503000e+00
    5.250000     0.000000   3.768000e+00
    5.250000     0.500000   3.988000e+00
    5.250000     1.000000   4.166000e+00
    5.300000    -8.000000  -2.810000e-01
    5.300000    -7.500000  -2.200000e-01
    5.300000    -7.000000  -1.470000e-01
    5.300000    -6.500000  -6.000000e-02
    5.300000    -6.000000   5.100000e-02
    5.300000    -5.500000   1.960000e-01
    5.300000    -5.000000   3.810000e-01
    5.300000    -4.500000   6.080000e-01
    5.300000    -4.000000   8.730000e-01
    5.300000    -3.500000   1.181000e+00
    5.300000    -3.000000   1.540000e+00
    5.300000    -2.500000   1.946000e+00
    5.300000    -2.000000   2.365000e+00
    5.300000    -1.500000   2.758000e+00
    5.300000    -1.000000   3.089000e+00
    5.300000    -0.500000   3.365000e+00
    5.300000     0.000000   3.614000e+00
    5.300000     0.500000   3.834000e+00
    5.300000     1.000000   4.022000e+00
    5.350000    -8.000000  -3.570000e-01
    5.350000    -7.500000  -3.050000e-01
    5.350000    -7.000000  -2.360000e-01
    5.350000    -6.500000  -1.470000e-01
    5.350000    -6.000000  -3.500000e-02
    5.350000    -5.500000   1.130000e-01
    5.350000    -5.000000   3.090000e-01
    5.350000    -4.500000   5.550000e-01
    5.350000    -4.000000   8.420000e-01
    5.350000    -3.500000   1.163000e+00
    5.350000    -3.000000   1.519000e+00
    5.350000    -2.500000   1.905000e+00
    5.350000    -2.000000   2.302000e+00
    5.350000    -1.500000   2.671000e+00
    5.350000    -1.000000   2.973000e+00
    5.350000    -0.500000   3.229000e+00
    5.350000     0.000000   3.465000e+00
    5.350000     0.500000   3.688000e+00
    5.350000     1.000000   3.884000e+00
    5.400000    -8.000000  -4.100000e-01
    5.400000    -7.500000  -3.720000e-01
    5.400000    -7.000000  -3.170000e-01
    5.400000    -6.500000  -2.400000e-01
    5.400000    -6.000000  -1.370000e-01
    5.400000    -5.500000   3.000000e-03
    5.400000    -5.000000   1.970000e-01
    5.400000    -4.500000   4.560000e-01
    5.400000    -4.000000   7.670000e-01
    5.400000    -3.500000   1.110000e+00
    5.400000    -3.000000   1.471000e+00
    5.400000    -2.500000   1.847000e+00
    5.400000    -2.000000   2.229000e+00
    5.400000    -1.500000   2.576000e+00
    5.400000    -1.000000   2.858000e+00
    5.400000    -0.500000   3.097000e+00
    5.400000     0.000000   3.327000e+00
    5.400000     0.500000   3.551000e+00
    5.400000     1.000000   3.751000e+00
    5.450000    -8.000000  -4.440000e-01
    5.450000    -7.500000  -4.210000e-01
    5.450000    -7.000000  -3.810000e-01
    5.450000    -6.500000  -3.190000e-01
    5.450000    -6.000000  -2.260000e-01
    5.450000    -5.500000  -9.300000e-02
    5.450000    -5.000000   9.400000e-02
    5.450000    -4.500000   3.540000e-01
    5.450000    -4.000000   6.800000e-01
    5.450000    -3.500000   1.043000e+00
    5.450000    -3.000000   1.415000e+00
    5.450000    -2.500000   1.788000e+00
    5.450000    -2.000000   2.154000e+00
    5.450000    -1.500000   2.482000e+00
    5.450000    -1.000000   2.747000e+00
    5.450000    -0.500000   2.974000e+00
    5.450000     0.000000   3.199000e+00
    5.450000     0.500000   3.423000e+00
    5.450000     1.000000   3.625000e+00
    5.500000    -8.000000  -4.570000e-01
    5.500000    -7.500000  -4.460000e-01
    5.500000    -7.000000  -4.230000e-01
    5.500000    -6.500000  -3.800000e-01
    5.500000    -6.000000  -3.060000e-01
    5.500000    -5.500000  -1.890000e-01
    5.500000    -5.000000  -1.400000e-02
    5.500000    -4.500000   2.380000e-01
    5.500000    -4.000000   5.710000e-01
    5.500000    -3.500000   9.550000e-01
    5.500000    -3.000000   1.349000e+00
    5.500000    -2.500000   1.728000e+00
    5.500000    -2.000000   2.083000e+00
    5.500000    -1.500000   2.393000e+00
    5.500000    -1.000000   2.643000e+00
    5.500000    -0.500000   2.862000e+00
    5.500000     0.000000   3.084000e+00
    5.500000     0.500000   3.306000e+00
    5.500000     1.000000   3.511000e+00
    5.550000    -8.000000  -4.630000e-01
    5.550000    -7.500000  -4.570000e-01
    5.550000    -7.000000  -4.460000e-01
    5.550000    -6.500000  -4.200000e-01
    5.550000    -6.000000  -3.680000e-01
    5.550000    -5.500000  -2.720000e-01
    5.550000    -5.000000  -1.120000e-01
    5.550000    -4.500000   1.360000e-01
    5.550000    -4.000000   4.790000e-01
    5.550000    -3.500000   8.810000e-01
    5.550000    -3.000000   1.290000e+00
    5.550000    -2.500000   1.668000e+00
    5.550000    -2.000000   2.014000e+00
    5.550000    -1.500000   2.310000e+00
    5.550000    -1.000000   2.548000e+00
    5.550000    -0.500000   2.760000e+00
    5.550000     0.000000   2.980000e+00
    5.550000     0.500000   3.199000e+00
    5.550000     1.000000   3.406000e+00
    5.600000    -8.000000  -4.650000e-01
    5.600000    -7.500000  -4.620000e-01
    5.600000    -7.000000  -4.550000e-01
    5.600000    -6.500000  -4.400000e-01
    5.600000    -6.000000  -4.070000e-01
    5.600000    -5.500000  -3.380000e-01
    5.600000    -5.000000  -1.990000e-01
    5.600000    -4.500000   3.900000e-02
    5.600000    -4.000000   3.870000e-01
    5.600000    -3.500000   8.070000e-01
    5.600000    -3.000000   1.230000e+00
    5.600000    -2.500000   1.614000e+00
    5.600000    -2.000000   1.952000e+00
    5.600000    -1.500000   2.235000e+00
    5.600000    -1.000000   2.463000e+00
    5.600000    -0.500000   2.670000e+00
    5.600000     0.000000   2.887000e+00
    5.600000     0.500000   3.103000e+00
    5.600000     1.000000   3.314000e+00
    5.650000    -8.000000  -4.660000e-01
    5.650000    -7.500000  -4.630000e-01
    5.650000    -7.000000  -4.580000e-01
    5.650000    -6.500000  -4.480000e-01
    5.650000    -6.000000  -4.280000e-01
    5.650000    -5.500000  -3.830000e-01
    5.650000    -5.000000  -2.800000e-01
    5.650000    -4.500000  -7.000000e-02
    5.650000    -4.000000   2.720000e-01
    5.650000    -3.500000   7.100000e-01
    5.650000    -3.000000   1.159000e+00
    5.650000    -2.500000   1.557000e+00
    5.650000    -2.000000   1.894000e+00
    5.650000    -1.500000   2.167000e+00
    5.650000    -1.000000   2.388000e+00
    5.650000    -0.500000   2.592000e+00
    5.650000     0.000000   2.805000e+00
    5.650000     0.500000   3.017000e+00
    5.650000     1.000000   3.234000e+00
    5.700000    -8.000000  -4.670000e-01
    5.700000    -7.500000  -4.640000e-01
    5.700000    -7.000000  -4.590000e-01
    5.700000    -6.500000  -4.510000e-01
    5.700000    -6.000000  -4.360000e-01
    5.700000    -5.500000  -4.030000e-01
    5.700000    -5.000000  -3.270000e-01
    5.700000    -4.500000  -1.580000e-01
    5.700000    -4.000000   1.600000e-01
    5.700000    -3.500000   6.040000e-01
    5.700000    -3.000000   1.079000e+00
    5.700000    -2.500000   1.498000e+00
    5.700000    -2.000000   1.837000e+00
    5.700000    -1.500000   2.108000e+00
    5.700000    -1.000000   2.325000e+00
    5.700000    -0.500000   2.528000e+00
    5.700000     0.000000   2.735000e+00
    5.700000     0.500000   2.946000e+00
    5.700000     1.000000   3.171000e+00
    5.750000    -8.000000  -4.670000e-01
    5.750000    -7.500000  -4.650000e-01
    5.750000    -7.000000  -4.600000e-01
    5.750000    -6.500000  -4.530000e-01
    5.750000    -6.000000  -4.400000e-01
    5.750000    -5.500000  -4.130000e-01
    5.750000    -5.000000  -3.550000e-01
    5.750000    -4.500000  -2.230000e-01
    5.750000    -4.000000   5.300000e-02
    5.750000    -3.500000   4.900000e-01
    5.750000    -3.000000   9.860000e-01
    5.750000    -2.500000   1.429000e+00
    5.750000    -2.000000   1.780000e+00
    5.750000    -1.500000   2.052000e+00
    5.750000    -1.000000   2.269000e+00
    5.750000    -0.500000   2.470000e+00
    5.750000     0.000000   2.672000e+00
    5.750000     0.500000   2.877000e+00
    5.750000     1.000000   3.104000e+00
    5.800000    -8.000000  -4.670000e-01
    5.800000    -7.500000  -4.650000e-01
    5.800000    -7.000000  -4.610000e-01
    5.800000    -6.500000  -4.540000e-01
    5.800000    -6.000000  -4.410000e-01
    5.800000    -5.500000  -4.170000e-01
    5.800000    -5.000000  -3.670000e-01
    5.800000    -4.500000  -2.580000e-01
    5.800000    -4.000000  -2.700000e-02
    5.800000    -3.500000   3.780000e-01
    5.800000    -3.000000   8.820000e-01
    5.800000    -2.500000   1.348000e+00
    5.800000    -2.000000   1.715000e+00
    5.800000    -1.500000   1.994000e+00
    5.800000    -1.000000   2.216000e+00
    5.800000    -0.500000   2.418000e+00
    5.800000     0.000000   2.616000e+00
    5.800000     0.500000   2.817000e+00
    5.800000     1.000000   3.043000e+00
    5.850000    -8.000000  -4.670000e-01
    5.850000    -7.500000  -4.650000e-01
    5.850000    -7.000000  -4.620000e-01
    5.850000    -6.500000  -4.550000e-01
    5.850000    -6.000000  -4.430000e-01
    5.850000    -5.500000  -4.190000e-01
    5.850000    -5.000000  -3.740000e-01
    5.850000    -4.500000  -2.780000e-01
    5.850000    -4.000000  -7.400000e-02
    5.850000    -3.500000   2.930000e-01
    5.850000    -3.000000   7.830000e-01
    5.850000    -2.500000   1.263000e+00
    5.850000    -2.000000   1.647000e+00
    5.850000    -1.500000   1.935000e+00
    5.850000    -1.000000   2.165000e+00
    5.850000    -0.500000   2.370000e+00
    5.850000     0.000000   2.566000e+00
    5.850000     0.500000   2.770000e+00
    5.850000     1.000000   2.999000e+00
    5.900000    -8.000000  -4.670000e-01
    5.900000    -7.500000  -4.650000e-01
    5.900000    -7.000000  -4.620000e-01
    5.900000    -6.500000  -4.570000e-01
    5.900000    -6.000000  -4.450000e-01
    5.900000    -5.500000  -4.230000e-01
    5.900000    -5.000000  -3.790000e-01
    5.900000    -4.500000  -2.900000e-01
    5.900000    -4.000000  -1.080000e-01
    5.900000    -3.500000   2.230000e-01
    5.900000    -3.000000   6.910000e-01
    5.900000    -2.500000   1.178000e+00
    5.900000    -2.000000   1.577000e+00
    5.900000    -1.500000   1.877000e+00
    5.900000    -1.000000   2.116000e+00
    5.900000    -0.500000   2.325000e+00
    5.900000     0.000000   2.522000e+00
    5.900000     0.500000   2.723000e+00
    5.900000     1.000000   2.950000e+00
    5.950000    -8.000000  -4.660000e-01
    5.950000    -7.500000  -4.640000e-01
    5.950000    -7.000000  -4.600000e-01
    5.950000    -6.500000  -4.550000e-01
    5.950000    -6.000000  -4.440000e-01
    5.950000    -5.500000  -4.230000e-01
    5.950000    -5.000000  -3.820000e-01
    5.950000    -4.500000  -2.980000e-01
    5.950000    -4.000000  -1.280000e-01
    5.950000    -3.500000   1.800000e-01
    5.950000    -3.000000   6.230000e-01
    5.950000    -2.500000   1.103000e+00
    5.950000    -2.000000   1.512000e+00
    5.950000    -1.500000   1.825000e+00
    5.950000    -1.000000   2.073000e+00
    5.950000    -0.500000   2.287000e+00
    5.950000     0.000000   2.481000e+00
    5.950000     0.500000   2.672000e+00
    5.950000     1.000000   2.892000e+00
    6.000000    -8.000000  -4.640000e-01
    6.000000    -7.500000  -4.610000e-01
    6.000000    -7.000000  -4.570000e-01
    6.000000    -6.500000  -4.510000e-01
    6.000000    -6.000000  -4.410000e-01
    6.000000    -5.500000  -4.220000e-01
    6.000000    -5.000000  -3.830000e-01
    6.000000    -4.500000  -3.020000e-01
    6.000000    -4.000000  -1.370000e-01
    6.000000    -3.500000   1.590000e-01
    6.000000    -3.000000   5.850000e-01
    6.000000    -2.500000   1.054000e+00
    6.000000    -2.000000   1.464000e+00
    6.000000    -1.500000   1.784000e+00
    6.000000    -1.000000   2.039000e+00
    6.000000    -0.500000   2.255000e+00
    6.000000     0.000000   2.441000e+00
    6.000000     0.500000   2.622000e+00
    6.000000     1.000000   2.844000e+00
    6.100000    -8.000000  -4.660000e-01
    6.100000    -7.500000  -4.600000e-01
    6.100000    -7.000000  -4.520000e-01
    6.100000    -6.500000  -4.420000e-01
    6.100000    -6.000000  -4.290000e-01
    6.100000    -5.500000  -4.090000e-01
    6.100000    -5.000000  -3.740000e-01
    6.100000    -4.500000  -3.030000e-01
    6.100000    -4.000000  -1.520000e-01
    6.100000    -3.500000   1.180000e-01
    6.100000    -3.000000   5.070000e-01
    6.100000    -2.500000   9.560000e-01
    6.100000    -2.000000   1.373000e+00
    6.100000    -1.500000   1.712000e+00
    6.100000    -1.000000   1.980000e+00
    6.100000    -0.500000   2.187000e+00
    6.100000     0.000000   2.353000e+00
    6.100000     0.500000   2.528000e+00
    6.100000     1.000000   2.742000e+00
    6.200000    -8.000000  -4.710000e-01
    6.200000    -7.500000  -4.680000e-01
    6.200000    -7.000000  -4.620000e-01
    6.200000    -6.500000  -4.500000e-01
    6.200000    -6.000000  -4.290000e-01
    6.200000    -5.500000  -3.970000e-01
    6.200000    -5.000000  -3.520000e-01
    6.200000    -4.500000  -2.800000e-01
    6.200000    -4.000000  -1.460000e-01
    6.200000    -3.500000   9.200000e-02
    6.200000    -3.000000   4.490000e-01
    6.200000    -2.500000   8.820000e-01
    6.200000    -2.000000   1.301000e+00
    6.200000    -1.500000   1.643000e+00
    6.200000    -1.000000   1.898000e+00
    6.200000    -0.500000   2.080000e+00
    6.200000     0.000000   2.217000e+00
    6.200000     0.500000   2.389000e+00
    6.200000     1.000000   2.619000e+00
    6.300000    -8.000000  -4.720000e-01
    6.300000    -7.500000  -4.710000e-01
    6.300000    -7.000000  -4.690000e-01
    6.300000    -6.500000  -4.650000e-01
    6.300000    -6.000000  -4.530000e-01
    6.300000    -5.500000  -4.240000e-01
    6.300000    -5.000000  -3.650000e-01
    6.300000    -4.500000  -2.680000e-01
    6.300000    -4.000000  -1.200000e-01
    6.300000    -3.500000   1.040000e-01
    6.300000    -3.000000   4.320000e-01
    6.300000    -2.500000   8.380000e-01
    6.300000    -2.000000   1.230000e+00
    6.300000    -1.500000   1.544000e+00
    6.300000    -1.000000   1.765000e+00
    6.300000    -0.500000   1.915000e+00
    6.300000     0.000000   2.054000e+00
    6.300000     0.500000   2.240000e+00
    6.300000     1.000000   2.489000e+00
    6.400000    -8.000000  -4.730000e-01
    6.400000    -7.500000  -4.720000e-01
    6.400000    -7.000000  -4.710000e-01
    6.400000    -6.500000  -4.700000e-01
    6.400000    -6.000000  -4.650000e-01
    6.400000    -5.500000  -4.510000e-01
    6.400000    -5.000000  -4.150000e-01
    6.400000    -4.500000  -3.230000e-01
    6.400000    -4.000000  -1.460000e-01
    6.400000    -3.500000   1.090000e-01
    6.400000    -3.000000   4.310000e-01
    6.400000    -2.500000   7.960000e-01
    6.400000    -2.000000   1.127000e+00
    6.400000    -1.500000   1.383000e+00
    6.400000    -1.000000   1.573000e+00
    6.400000    -0.500000   1.718000e+00
    6.400000     0.000000   1.874000e+00
    6.400000     0.500000   2.089000e+00
    6.400000     1.000000   2.353000e+00
    6.500000    -8.000000  -4.740000e-01
    6.500000    -7.500000  -4.730000e-01
    6.500000    -7.000000  -4.730000e-01
    6.500000    -6.500000  -4.720000e-01
    6.500000    -6.000000  -4.690000e-01
    6.500000    -5.500000  -4.620000e-01
    6.500000    -5.000000  -4.410000e-01
    6.500000    -4.500000  -3.820000e-01
    6.500000    -4.000000  -2.360000e-01
    6.500000    -3.500000   2.900000e-02
    6.500000    -3.000000   3.670000e-01
    6.500000    -2.500000   6.950000e-01
    6.500000    -2.000000   9.680000e-01
    6.500000    -1.500000   1.179000e+00
    6.500000    -1.000000   1.354000e+00
    6.500000    -0.500000   1.513000e+00
    6.500000     0.000000   1.701000e+00
    6.500000     0.500000   1.941000e+00
    6.500000     1.000000   2.208000e+00
    6.600000    -8.000000  -4.740000e-01
    6.600000    -7.500000  -4.740000e-01
    6.600000    -7.000000  -4.740000e-01
    6.600000    -6.500000  -4.730000e-01
    6.600000    -6.000000  -4.710000e-01
    6.600000    -5.500000  -4.670000e-01
    6.600000    -5.000000  -4.530000e-01
    6.600000    -4.500000  -4.140000e-01
    6.600000    -4.000000  -3.120000e-01
    6.600000    -3.500000  -9.900000e-02
    6.600000    -3.000000   2.130000e-01
    6.600000    -2.500000   5.220000e-01
    6.600000    -2.000000   7.680000e-01
    6.600000    -1.500000   9.620000e-01
    6.600000    -1.000000   1.135000e+00
    6.600000    -0.500000   1.316000e+00
    6.600000     0.000000   1.536000e+00
    6.600000     0.500000   1.799000e+00
    6.600000     1.000000   2.074000e+00
    6.700000    -8.000000  -4.760000e-01
    6.700000    -7.500000  -4.750000e-01
    6.700000    -7.000000  -4.750000e-01
    6.700000    -6.500000  -4.750000e-01
    6.700000    -6.000000  -4.740000e-01
    6.700000    -5.500000  -4.700000e-01
    6.700000    -5.000000  -4.610000e-01
    6.700000    -4.500000  -4.330000e-01
    6.700000    -4.000000  -3.620000e-01
    6.700000    -3.500000  -2.050000e-01
    6.700000    -3.000000   4.800000e-02
    6.700000    -2.500000   3.250000e-01
    6.700000    -2.000000   5.580000e-01
    6.700000    -1.500000   7.500000e-01
    6.700000    -1.000000   9.310000e-01
    6.700000    -0.500000   1.133000e+00
    6.700000     0.000000   1.382000e+00
    6.700000     0.500000   1.660000e+00
    6.700000     1.000000   1.938000e+00
    6.800000    -8.000000  -4.770000e-01
    6.800000    -7.500000  -4.770000e-01
    6.800000    -7.000000  -4.770000e-01
    6.800000    -6.500000  -4.760000e-01
    6.800000    -6.000000  -4.760000e-01
    6.800000    -5.500000  -4.730000e-01
    6.800000    -5.000000  -4.670000e-01
    6.800000    -4.500000  -4.480000e-01
    6.800000    -4.000000  -3.980000e-01
    6.800000    -3.500000  -2.830000e-01
    6.800000    -3.000000  -9.000000e-02
    6.800000    -2.500000   1.410000e-01
    6.800000    -2.000000   3.570000e-01
    6.800000    -1.500000   5.520000e-01
    6.800000    -1.000000   7.470000e-01
    6.800000    -0.500000   9.740000e-01
    6.800000     0.000000   1.247000e+00
    6.800000     0.500000   1.535000e+00
    6.800000     1.000000   1.792000e+00
    6.900000    -8.000000  -4.780000e-01
    6.900000    -7.500000  -4.780000e-01
    6.900000    -7.000000  -4.780000e-01
    6.900000    -6.500000  -4.780000e-01
    6.900000    -6.000000  -4.770000e-01
    6.900000    -5.500000  -4.750000e-01
    6.900000    -5.000000  -4.700000e-01
    6.900000    -4.500000  -4.570000e-01
    6.900000    -4.000000  -4.210000e-01
    6.900000    -3.500000  -3.400000e-01
    6.900000    -3.000000  -1.950000e-01
    6.900000    -2.500000  -4.000000e-03
    6.900000    -2.000000   1.930000e-01
    6.900000    -1.500000   3.870000e-01
    6.900000    -1.000000   6.010000e-01
    6.900000    -0.500000   8.450000e-01
    6.900000     0.000000   1.127000e+00
    6.900000     0.500000   1.410000e+00
    6.900000     1.000000   1.647000e+00
    7.000000    -8.000000  -4.800000e-01
    7.000000    -7.500000  -4.800000e-01
    7.000000    -7.000000  -4.800000e-01
    7.000000    -6.500000  -4.800000e-01
    7.000000    -6.000000  -4.790000e-01
    7.000000    -5.500000  -4.760000e-01
    7.000000    -5.000000  -4.710000e-01
    7.000000    -4.500000  -4.600000e-01
    7.000000    -4.000000  -4.330000e-01
    7.000000    -3.500000  -3.730000e-01
    7.000000    -3.000000  -2.660000e-01
    7.000000    -2.500000  -1.150000e-01
    7.000000    -2.000000   6.600000e-02
    7.000000    -1.500000   2.700000e-01
    7.000000    -1.000000   4.930000e-01
    7.000000    -0.500000   7.420000e-01
    7.000000     0.000000   1.020000e+00
    7.000000     0.500000   1.285000e+00
    7.000000     1.000000   1.513000e+00
    7.100000    -8.000000  -4.830000e-01
    7.100000    -7.500000  -4.830000e-01
    7.100000    -7.000000  -4.830000e-01
    7.100000    -6.500000  -4.820000e-01
    7.100000    -6.000000  -4.820000e-01
    7.100000    -5.500000  -4.800000e-01
    7.100000    -5.000000  -4.740000e-01
    7.100000    -4.500000  -4.600000e-01
    7.100000    -4.000000  -4.330000e-01
    7.100000    -3.500000  -3.820000e-01
    7.100000    -3.000000  -2.970000e-01
    7.100000    -2.500000  -1.710000e-01
    7.100000    -2.000000  -3.000000e-03
    7.100000    -1.500000   1.900000e-01
    7.100000    -1.000000   4.000000e-01
    7.100000    -0.500000   6.380000e-01
    7.100000     0.000000   9.090000e-01
    7.100000     0.500000   1.161000e+00
    7.100000     1.000000   1.336000e+00
    7.200000    -8.000000  -4.860000e-01
    7.200000    -7.500000  -4.860000e-01
    7.200000    -7.000000  -4.860000e-01
    7.200000    -6.500000  -4.860000e-01
    7.200000    -6.000000  -4.850000e-01
    7.200000    -5.500000  -4.840000e-01
    7.200000    -5.000000  -4.800000e-01
    7.200000    -4.500000  -4.670000e-01
    7.200000    -4.000000  -4.380000e-01
    7.200000    -3.500000  -3.860000e-01
    7.200000    -3.000000  -3.080000e-01
    7.200000    -2.500000  -1.950000e-01
    7.200000    -2.000000  -5.000000e-02
    7.200000    -1.500000   1.160000e-01
    7.200000    -1.000000   3.020000e-01
    7.200000    -0.500000   5.330000e-01
    7.200000     0.000000   7.870000e-01
    7.200000     0.500000   1.027000e+00
    7.200000     1.000000  -9.900000e+01
    7.300000    -8.000000  -4.900000e-01
    7.300000    -7.500000  -4.900000e-01
    7.300000    -7.000000  -4.900000e-01
    7.300000    -6.500000  -4.900000e-01
    7.300000    -6.000000  -4.900000e-01
    7.300000    -5.500000  -4.890000e-01
    7.300000    -5.000000  -4.860000e-01
    7.300000    -4.500000  -4.770000e-01
    7.300000    -4.000000  -4.540000e-01
    7.300000    -3.500000  -4.060000e-01
    7.300000    -3.000000  -3.290000e-01
    7.300000    -2.500000  -2.240000e-01
    7.300000    -2.000000  -1.050000e-01
    7.300000    -1.500000   3.000000e-02
    7.300000    -1.000000   1.990000e-01
    7.300000    -0.500000   4.200000e-01
    7.300000     0.000000   6.810000e-01
    7.300000     0.500000  -9.900000e+01
    7.300000     1.000000  -9.900000e+01
    7.400000    -8.000000  -4.950000e-01
    7.400000    -7.500000  -4.950000e-01
    7.400000    -7.000000  -4.950000e-01
    7.400000    -6.500000  -4.950000e-01
    7.400000    -6.000000  -4.950000e-01
    7.400000    -5.500000  -4.940000e-01
    7.400000    -5.000000  -4.920000e-01
    7.400000    -4.500000  -4.870000e-01
    7.400000    -4.000000  -4.710000e-01
    7.400000    -3.500000  -4.340000e-01
    7.400000    -3.000000  -3.670000e-01
    7.400000    -2.500000  -2.760000e-01
    7.400000    -2.000000  -1.770000e-01
    7.400000    -1.500000  -6.100000e-02
    7.400000    -1.000000   1.020000e-01
    7.400000    -0.500000   3.190000e-01
    7.400000     0.000000   5.670000e-01
    7.400000     0.500000  -9.900000e+01
    7.400000     1.000000  -9.900000e+01
    7.500000    -8.000000  -5.010000e-01
    7.500000    -7.500000  -5.010000e-01
    7.500000    -7.000000  -5.010000e-01
    7.500000    -6.500000  -5.010000e-01
    7.500000    -6.000000  -5.010000e-01
    7.500000    -5.500000  -5.010000e-01
    7.500000    -5.000000  -4.990000e-01
    7.500000    -4.500000  -4.950000e-01
    7.500000    -4.000000  -4.850000e-01
    7.500000    -3.500000  -4.600000e-01
    7.500000    -3.000000  -4.090000e-01
    7.500000    -2.500000  -3.360000e-01
    7.500000    -2.000000  -2.510000e-01
    7.500000    -1.500000  -1.440000e-01
    7.500000    -1.000000   1.000000e-02
    7.500000    -0.500000   2.260000e-01
    7.500000     0.000000  -9.900000e+01
    7.500000     0.500000  -9.900000e+01
    7.500000     1.000000  -9.900000e+01
    7.600000    -8.000000  -5.080000e-01
    7.600000    -7.500000  -5.080000e-01
    7.600000    -7.000000  -5.080000e-01
    7.600000    -6.500000  -5.080000e-01
    7.600000    -6.000000  -5.090000e-01
    7.600000    -5.500000  -5.090000e-01
    7.600000    -5.000000  -5.080000e-01
    7.600000    -4.500000  -5.050000e-01
    7.600000    -4.000000  -4.980000e-01
    7.600000    -3.500000  -4.810000e-01
    7.600000    -3.000000  -4.440000e-01
    7.600000    -2.500000  -3.870000e-01
    7.600000    -2.000000  -3.150000e-01
    7.600000    -1.500000  -2.170000e-01
    7.600000    -1.000000  -7.300000e-02
    7.600000    -0.500000   1.270000e-01
    7.600000     0.000000  -9.900000e+01
    7.600000     0.500000  -9.900000e+01
    7.600000     1.000000  -9.900000e+01
    7.700000    -8.000000  -5.180000e-01
    7.700000    -7.500000  -5.180000e-01
    7.700000    -7.000000  -5.180000e-01
    7.700000    -6.500000  -5.180000e-01
    7.700000    -6.000000  -5.180000e-01
    7.700000    -5.500000  -5.180000e-01
    7.700000    -5.000000  -5.170000e-01
    7.700000    -4.500000  -5.160000e-01
    7.700000    -4.000000  -5.110000e-01
    7.700000    -3.500000  -4.980000e-01
    7.700000    -3.000000  -4.710000e-01
    7.700000    -2.500000  -4.290000e-01
    7.700000    -2.000000  -3.700000e-01
    7.700000    -1.500000  -2.830000e-01
    7.700000    -1.000000  -1.530000e-01
    7.700000    -0.500000   2.600000e-02
    7.700000     0.000000  -9.900000e+01
    7.700000     0.500000  -9.900000e+01
    7.700000     1.000000  -9.900000e+01
    7.800000    -8.000000  -5.300000e-01
    7.800000    -7.500000  -5.300000e-01
    7.800000    -7.000000  -5.300000e-01
    7.800000    -6.500000  -5.300000e-01
    7.800000    -6.000000  -5.300000e-01
    7.800000    -5.500000  -5.300000e-01
    7.800000    -5.000000  -5.290000e-01
    7.800000    -4.500000  -5.290000e-01
    7.800000    -4.000000  -5.250000e-01
    7.800000    -3.500000  -5.150000e-01
    7.800000    -3.000000  -4.950000e-01
    7.800000    -2.500000  -4.630000e-01
    7.800000    -2.000000  -4.180000e-01
    7.800000    -1.500000  -3.460000e-01
    7.800000    -1.000000  -2.340000e-01
    7.800000    -0.500000  -8.800000e-02
    7.800000     0.000000  -9.900000e+01
    7.800000     0.500000  -9.900000e+01
    7.800000     1.000000  -9.900000e+01
    7.900000    -8.000000  -5.440000e-01
    7.900000    -7.500000  -5.440000e-01
    7.900000    -7.000000  -5.440000e-01
    7.900000    -6.500000  -5.440000e-01
    7.900000    -6.000000  -5.450000e-01
    7.900000    -5.500000  -5.450000e-01
    7.900000    -5.000000  -5.440000e-01
    7.900000    -4.500000  -5.440000e-01
    7.900000    -4.000000  -5.410000e-01
    7.900000    -3.500000  -5.330000e-01
    7.900000    -3.000000  -5.190000e-01
    7.900000    -2.500000  -4.970000e-01
    7.900000    -2.000000  -4.650000e-01
    7.900000    -1.500000  -4.110000e-01
    7.900000    -1.000000  -3.180000e-01
    7.900000    -0.500000  -9.900000e+01
    7.900000     0.000000  -9.900000e+01
    7.900000     0.500000  -9.900000e+01
    7.900000     1.000000  -9.900000e+01
    8.000000    -8.000000  -5.600000e-01
    8.000000    -7.500000  -5.600000e-01
    8.000000    -7.000000  -5.600000e-01
    8.000000    -6.500000  -5.600000e-01
    8.000000    -6.000000  -5.600000e-01
    8.000000    -5.500000  -5.610000e-01
    8.000000    -5.000000  -5.610000e-01
    8.000000    -4.500000  -5.600000e-01
    8.000000    -4.000000  -5.580000e-01
    8.000000    -3.500000  -5.520000e-01
    8.000000    -3.000000  -5.420000e-01
    8.000000    -2.500000  -5.300000e-01
    8.000000    -2.000000  -5.120000e-01
    8.000000    -1.500000  -4.750000e-01
    8.000000    -1.000000  -4.030000e-01
    8.000000    -0.500000  -9.900000e+01
    8.000000     0.000000  -9.900000e+01
    8.000000     0.500000  -9.900000e+01
    8.000000     1.000000  -9.900000e+01
    8.100000    -8.000000  -5.800000e-01
    8.100000    -7.500000  -5.800000e-01
    8.100000    -7.000000  -5.800000e-01
    8.100000    -6.500000  -5.800000e-01
    8.100000    -6.000000  -5.800000e-01
    8.100000    -5.500000  -5.800000e-01
    8.100000    -5.000000  -5.810000e-01
    8.100000    -4.500000  -5.810000e-01
    8.100000    -4.000000  -5.780000e-01
    8.100000    -3.500000  -5.740000e-01
    8.100000    -3.000000  -5.690000e-01
    8.100000    -2.500000  -5.660000e-01
    8.100000    -2.000000  -5.620000e-01
    8.100000    -1.500000  -5.440000e-01
    8.100000    -1.000000  -5.000000e-01
    8.100000    -0.500000  -9.900000e+01
    8.100000     0.000000  -9.900000e+01
    8.100000     0.500000  -9.900000e+01
    8.100000     1.000000  -9.900000e+01
    8.300000    -8.000000  -6.330000e-01
    8.300000    -7.500000  -6.330000e-01
    8.300000    -7.000000  -6.330000e-01
    8.300000    -6.500000  -6.330000e-01
    8.300000    -6.000000  -6.340000e-01
    8.300000    -5.500000  -6.340000e-01
    8.300000    -5.000000  -6.340000e-01
    8.300000    -4.500000  -6.330000e-01
    8.300000    -4.000000  -6.330000e-01
    8.300000    -3.500000  -6.330000e-01
    8.300000    -3.000000  -6.380000e-01
    8.300000    -2.500000  -6.540000e-01
    8.300000    -2.000000  -6.780000e-01
    8.300000    -1.500000  -6.980000e-01
    8.300000    -1.000000  -7.160000e-01
    8.300000    -0.500000  -9.900000e+01
    8.300000     0.000000  -9.900000e+01
    8.300000     0.500000  -9.900000e+01
    8.300000     1.000000  -9.900000e+01
    8.500000    -8.000000  -7.040000e-01
    8.500000    -7.500000  -7.040000e-01
    8.500000    -7.000000  -7.040000e-01
    8.500000    -6.500000  -7.040000e-01
    8.500000    -6.000000  -7.040000e-01
    8.500000    -5.500000  -7.040000e-01
    8.500000    -5.000000  -7.040000e-01
    8.500000    -4.500000  -7.040000e-01
    8.500000    -4.000000  -7.050000e-01
    8.500000    -3.500000  -7.100000e-01
    8.500000    -3.000000  -7.240000e-01
    8.500000    -2.500000  -7.590000e-01
    8.500000    -2.000000  -7.980000e-01
    8.500000    -1.500000  -9.150000e-01
    8.500000    -1.000000  -1.269000e+00
    8.500000    -0.500000  -9.900000e+01
    8.500000     0.000000  -9.900000e+01
    8.500000     0.500000  -9.900000e+01
    8.500000     1.000000  -9.900000e+01
    8.700000    -8.000000  -5.820000e-01
    8.700000    -7.500000  -7.530000e-01
    8.700000    -7.000000  -7.850000e-01
    8.700000    -6.500000  -7.890000e-01
    8.700000    -6.000000  -7.890000e-01
    8.700000    -5.500000  -7.890000e-01
    8.700000    -5.000000  -7.890000e-01
    8.700000    -4.500000  -7.890000e-01
    8.700000    -4.000000  -7.920000e-01
    8.700000    -3.500000  -8.010000e-01
    8.700000    -3.000000  -8.260000e-01
    8.700000    -2.500000  -8.820000e-01
    8.700000    -2.000000  -9.620000e-01
    8.700000    -1.500000  -1.051000e+00
    8.700000    -1.000000  -9.900000e+01
    8.700000    -0.500000  -9.900000e+01
    8.700000     0.000000  -9.900000e+01
    8.700000     0.500000  -9.900000e+01
    8.700000     1.000000  -9.900000e+01
